PI = 3.14159265358979 computed in 0.04895 seconds
PI = 3.14159265358979 computed in 0.04896 seconds
./cpi_cuda
